333298	1686153142
333551	1686153142
333552	1686153142
333553	1686153142
333554	1686153142
342828	1686153142
333305	1686153142
333559	1686153142
333560	1686153142
333561	1686153142
333562	1686153142
342829	1686153142
333306	1686153142
333555	1686153142
333556	1686153142
333557	1686153142
333558	1686153142
342830	1686153142
333307	1686153142
333502	1686153142
333503	1686153142
333504	1686153142
333505	1686153142
333506	1686153142
333507	1686153142
333508	1686153142
333509	1686153142
335525	1686153142
333309	1670918062
333374	1670918062
333377	1670918062
333401	1670918062
333402	1670918062
333403	1670918062
333404	1670918062
333405	1670918062
333406	1670918062
333407	1670918062
333408	1670918062
333409	1670918062
333410	1670918062
333411	1670918062
333412	1670918062
335524	1670918062
333310	1670918062
333413	1670918062
333414	1670918062
333415	1670918062
333416	1670918062
333417	1670918062
333418	1670918062
333419	1670918062
333420	1670918062
333421	1670918062
333422	1670918062
333429	1670918062
333430	1670918062
333431	1670918062
333432	1670918062
335836	1670918062
333313	1670918062
333433	1670918062
333434	1670918062
333435	1670918062
333436	1670918062
333437	1670918062
333438	1670918062
333439	1670918062
333440	1670918062
333441	1670918062
333442	1670918062
333443	1670918062
333444	1670918062
333445	1670918062
333446	1670918062
335837	1670918062
333315	1670918062
333447	1670918062
333448	1670918062
333449	1670918062
333450	1670918062
333451	1670918062
333452	1670918062
333453	1670918062
333454	1670918062
333455	1670918062
333456	1670918062
333457	1670918062
333458	1670918062
333459	1670918062
333460	1670918062
335838	1670918062
333316	1686153083
333469	1686153083
333470	1686153083
333471	1686153083
333472	1686153083
333473	1686153083
333474	1686153083
333475	1686153083
333476	1686153083
333477	1686153083
333478	1686153083
333479	1686153083
333480	1686153083
333481	1686153083
333482	1686153083
333483	1686153083
333484	1686153083
333485	1686153083
333486	1686153083
333487	1686153083
333488	1686153083
333489	1686153083
333490	1686153083
333491	1686153083
333492	1686153083
333493	1686153083
333494	1686153083
333495	1686153083
335839	1686153083
366510	1686556532
366511	1686556532
366512	1686556532
366525	1686556532
366526	1686556532
366527	1686556532
366528	1686556532
366529	1686556532
366530	1686556532
366531	1686556532
366532	1686556532
366533	1686556532
366534	1686556532
366535	1686556532
366561	1686556590
366562	1686556590
366563	1686556590
366564	1686556590
366565	1686556590
366566	1686556590
366567	1686556590
366568	1686556590
366569	1686556590
366570	1686556590
366571	1686556590
366572	1686556590
366573	1686556590
366574	1686556590
366575	1686556590
366576	1686556590
366577	1686556590
366578	1686556590
366579	1686556590
366580	1686556590
366581	1686556590
366582	1686556590
366583	1686556590
366584	1686556590
366585	1686556590
366586	1686556590
366587	1686556590
366588	1686556590
366589	1686556590
366590	1686556590
366591	1686556590
366592	1686556590
366593	1686556590
366594	1686556590
366595	1686556590
366596	1686556590
366597	1686556590
366598	1686556590
366599	1686556590
366600	1686556590
366601	1686556590
366602	1686556590
366603	1686556590
366604	1686556590
366605	1686556590
366606	1686556590
366607	1686556590
366608	1686556590
366610	1686556590
366611	1686556590
366612	1686556590
366613	1686556590
366614	1686556590
366615	1686556590
366616	1686556590
366617	1686556590
366618	1686556590
366619	1686556590
366620	1686556590
366621	1686556590
366622	1686556590
366623	1686556590
366624	1686556590
366625	1686556590
366626	1686556590
366627	1686556590
366628	1686556590
366629	1686556590
366630	1686556590
366631	1686556590
366632	1686556590
366633	1686556590
366634	1686556590
366635	1686556590
366636	1686556590
366637	1686556590
366638	1686556590
366639	1686556590
366640	1686556590
366641	1686556590
366642	1686556590
366643	1686556590
366644	1686556590
366645	1686556590
366646	1686556590
366647	1686556590
366648	1686556590
366649	1686556590
366650	1686556590
366651	1686556590
366652	1686556590
366653	1686556590
366654	1686556590
366655	1686556590
366656	1686556590
366657	1686556590
366658	1686556590
366659	1686556590
366660	1686556590
366661	1686556590
366662	1686556590
366663	1686556590
366664	1686556590
366665	1686556590
366666	1686556590
366667	1686556590
366668	1686556590
366669	1686556590
366670	1686556590
366671	1686556590
366930	1686559930
366974	1686559930
367583  1686153083
367584  1686153083